Markov Chain Matrices
http://setosa.io/markov/

Two states:
[[0.5, 0.5],
 [0.5, 0.5]]

Three states:
[[0.3, 0.3, 0.4],
 [0.3, 0.5, 0.2],
 [0.4, 0.4, 0.2]]

[[0.6, 0.3, 0.1],
 [0.4, 0.5, 0.1],
 [0.0, 0.1, 0.9]]

One fish two fish:
[[0, 1, 0, 0, 0],
 [0.25, 0, 0.25, 0.25, 0.25],
 [0, 1, 0, 0, 0],
 [0, 1, 0, 0, 0],
 [0, 1, 0, 0, 0]]

One fish (with start/stop):
[[0, 1, 0, 0, 0, 0, 0],
 [0, 0, 0.25, 0.25, 0.25, 0, 0.25],
 [0, 1, 0, 0, 0, 0, 0],
 [0, 1, 0, 0, 0, 0, 0],
 [0, 1, 0, 0, 0, 0, 0],
 [1, 0, 0, 0, 0, 0, 0],
 [0, 0, 0, 0, 0, 1, 0]]
